214041
218794
219222
222693
224724
227952
232036
234898
238065
240417
243908
247957
250244
252861
256110
256910
256912
258579
260646
262452
265164
269017
271449
272080
275038
277762
278435
283163
285347
289028
289184
293797
295373
297439
297577
297719
300184
304361
308786
313408
317236
318760
323457
326569
329918
332659
332866
336825
337711
342025
345211
347007
347188
350092
350780
354409
358647
363409
367773
371882
374646
378551
378806
378879
382022
383560
384709
389253
391477
396050
397929
400838
403874
406806
411038
412053
415920
416308
420780
421314
426023
427295
431126
434284
436403
440106
441671
444677
448963
452273
452330
455291
455461
459806
461678
466254
471239
471624
473576
474683
476029
479601
480717
481277
485831
490198
491136
491176
493998
497782
501987
505875
507662
508598
509518
512745
514958
516797
517435
518677
519977
522054
523297
526776
529130
533700
536832
540162
543553
545369
547329
551717
554123
557757
561315
563860
565225
568788
571602
572428
573512
578135
582673
584924
586727
587886
592554
595444
600048
600239
603101
604478
606227
611070
615209
617688
619495
622794
624021
628173
631083
634196
638304
639630
641163
642039
644146
647776
651999
655177
656913
658946
659036
660167
664498
665900
670244
672861
677394
681827
683063
684667
685453
689165
691605
695902
696724
698339
700191
701367
705288
709038
713542
717845
722820
726661
731238
734302
735152
738840
