100
2
2 1
3
1 3 2
4
2 1 4 3
4
1 2 3 4
4
1 2 4 3
4
1 3 2 4
4
1 3 4 2
4
1 4 2 3
4
1 4 3 2
4
2 1 3 4
4
2 1 4 3
4
2 3 1 4
4
2 3 4 1
4
2 4 1 3
4
2 4 3 1
4
3 1 2 4
4
3 1 4 2
4
3 2 1 4
4
3 2 4 1
4
3 4 1 2
4
3 4 2 1
4
4 1 2 3
4
4 1 3 2
4
4 2 1 3
4
4 2 3 1
4
4 3 1 2
4
4 3 2 1
7
6 1 3 4 5 2 7
1
1
4
3 4 1 2
2
1 2
8
1 7 3 2 5 6 4 8
3
1 3 2
8
1 3 7 4 6 2 5 8
3
3 1 2
10
10 5 6 7 2 3 4 9 8 1
5
5 2 3 1 4
10
2 1 4 3 7 9 5 10 6 8
10
6 5 9 4 1 3 8 10 2 7
6
1 2 6 5 4 3
8
6 5 4 8 3 7 2 1
2
2 1
10
1 2 6 5 9 7 4 8 3 10
10
1 2 3 4 5 6 7 8 9 10
1
1
5
1 2 3 4 5
2
2 1
4
1 4 2 3
6
2 5 6 1 4 3
8
8 5 7 6 2 4 3 1
8
7 4 5 2 3 8 1 6
3
1 3 2
6
1 2 3 6 5 4
7
7 2 1 4 5 6 3
8
4 6 1 7 8 3 2 5
6
1 2 3 4 5 6
9
1 2 3 4 5 6 7 8 9
3
2 3 1
8
5 6 4 3 8 1 2 7
4
1 2 3 4
5
2 5 3 1 4
7
2 1 7 5 4 6 3
10
1 5 2 4 9 10 3 6 7 8
2
2 1
8
3 5 8 2 1 7 6 4
7
1 7 3 5 4 6 2
5
4 2 3 5 1
6
5 6 2 1 4 3
4
1 2 4 3
8
4 2 3 8 5 6 7 1
10
1 8 3 4 5 6 7 2 9 10
3
3 1 2
2
2 1
3
1 2 3
7
1 2 3 4 5 6 7
9
4 5 7 3 9 1 2 6 8
7
6 1 4 2 3 7 5
10
9 8 5 10 3 7 6 2 1 4
7
2 7 3 4 6 5 1
2
2 1
10
3 4 9 6 2 8 5 10 7 1
2
2 1
3
3 2 1
6
6 5 3 1 4 2
9
9 3 1 6 2 5 8 7 4
8
6 2 3 4 5 7 1 8
2
2 1
7
4 2 1 3 5 6 7
10
5 8 1 3 4 7 9 10 2 6
6
4 3 2 1 6 5
3
3 2 1
3
2 1 3
9
1 5 3 7 2 4 6 8 9
9
1 7 4 9 5 8 3 2 6
8
1 2 3 4 5 6 7 8
10
1 2 5 4 3 6 7 8 9 10
5
2 1 4 5 3
2
2 1
7
3 7 6 1 4 5 2
10
9 10 4 3 7 6 2 8 1 5
