100
5
1 2 3 4 5
3
3 5 6
2
5 6
2
5 5
15
650117 152231 773660 236742 722748 460326 203981 224830 969432 382942 113134 581544 625531 159442 395000
15
408740 543783 842134 322757 217242 720086 854630 801888 120392 852155 994560 464554 169064 432960 925365
15
874991 129273 186997 986002 862109 515980 178531 557742 348929 200521 283741 615169 924888 728514 840521
7
70034 805337 905436 902045 248708 141460 829466
7
742474 632904 929314 135565 987532 995677 353378
7
5167 48783 978926 610095 543915 340963 298560
12
479536 841920 717081 805804 432056 623668 741422 688869 444713 117759 854339 653719
3
900348 403658 758838
15
459316 742980 476433 427380 437619 125416 667024 544458 681606 655279 815102 436550 824105 496953 538783
13
199940 225195 562830 357848 167654 724254 740633 560477 789559 383328 554217 982088 565171
13
3881 325 4282 3060 8949 9324 8355 5523 159 911 7367 4429 4043
3
2910 4044 1170
8
5806 7112 3060 7869 4199 2062 2708 2770
4
6855 1915 9235 6233
11
58 3922 5779 8886 4078 1254 9428 8313 9809 9280 14073
11
5580 130 3143 9958 2716 3362 4089 6077 9373 1922 778
5
2845 8960 9280 3175 58
2
7188 4271
12
8644 67 3866 8639 4773 2103 422 5165 9127 1100 3561 10809
6
6185 4891 6071 7053 703 1463
7
7824 4739 4815 384 9625 2536 13101
3
4101 8437 12528
14
9781 5856 1045 6834 5315 9695 8831 7445 6045 3362 9147 6465 189 7799
3
1476 2732 3944
14
6565 930 4638 2494 1461 962 9749 5376 8847 2405 7945 311 232 527
10
9617 6574 8538 8321 8164 4947 8872 7945 1702 2644
14
5736 428 5430 1418 2679 4317 8155 3767 180 141 1814 4003 5483 4441
3
9000 1160 3008
3
642 9820 9438
3
8261 5783 14034
3
90 8272 8202
3
6935 2071 4864
11
6988 1443 2370 1725 8360 6372 6759 2831 2669 9112 4545
14
4813 5604 9104 8979 2085 8627 7797 9209 8898 8810 8531 9368 6600 3090
11
9363 927 2252 499 3728 1766 4506 9662 3324 987 7494
7
7500 9091 1905 1507 8302 1113 6250
9
5655 8423 7221 6356 1778 2194 1712 4131 10978
12
4267 5379 2063 2955 6835 4827 7991 6950 6129 8461 3658 13027
11
5364 3285 5006 1134 5316 7703 98 1811 4955 8267 12659
3
4677 5117 440
15
9463 2523 808 6434 2210 6557 3701 7776 7382 9267 6918 4406 4456 4107 1466
7
6357 1598 9665 8047 8405 3925 3013
13
530 3323 3094 6584 7556 6975 7756 8701 9948 8903 486 8766 2762
8
308 9869 3020 8356 3545 5458 3443 39
7
5374 2056 5451 9687 824 9211 7452
3
5462 8912 14214
6
4201 2926 865 309 8108 1791
6
9637 3074 1758 8044 8901 6240
2
3570 3203
12
9070 4982 5534 6836 1447 5896 7683 4072 6157 7795 3748 13484
12
1928 5938 4912 7867 1219 3975 2146 2879 2912 1886 9492 15362
9
6704 2508 12 2555 3300 5236 3491 4185 1275
10
1470 292 4157 8821 6331 875 8086 8738 692 2008
6
5941 5936 6271 1928 9785 14795
3
9036 8548 552
11
4838 9327 5488 9820 1207 1030 1420 8767 1355 8721 3284
11
4231 2001 6204 8631 7011 6068 4985 3299 1158 5105 1469
3
1740 622 1186
3
4212 7688 3708
3
6518 6869 931
3
4626 2574 4116
7
1822 3633 3632 8590 9542 9339 4464
3
325 6905 7100
8
3388 3407 4766 2623 5930 3132 5586 5425
11
2457 8902 9965 210 475 8957 3513 8232 5705 9736 13206
3
8639 7550 15553
10
6950 5558 9861 3942 6428 7070 4825 767 3173 14770
14
5702 8948 5383 3065 8668 6229 2193 6278 1235 6472 3932 6687 9460 12286
8
8823 5188 9385 6969 4383 7739 7772 6363
5
6092 5506 2427 1320 3613
2
6480 7437
8
3705 6891 794 5979 3623 3856 5361 7887
8
3690 4098 4703 2911 7332 8307 6295 3831
14
8778 8716 7991 3987 804 8138 7608 7451 7149 9910 2375 9987 5736 2520
2
5769 4054
2
1952 1761
4
3707 1021 3817 5685
14
1313 6073 8292 453 1856 9711 3557 1778 9922 2638 5096 9112 6953 7508
14
4525 9949 9956 1782 8253 9043 340 7918 3987 2372 7389 2812 4347 3003
12
6094 9757 9696 786 2071 9690 8544 9552 8971 8092 8507 9072
14
3168 1300 7617 9990 5302 3305 9797 2917 2086 8019 6865 8826 422 2921
11
3378 5956 7840 4325 2349 8927 9893 9715 9082 3748 4425
12
9690 7700 6760 2816 9680 524 8301 3323 140 5877 1111 13250
11
7461 3366 6005 128 6921 8884 612 7046 4567 6641 12175
4
4147 3374 4386 3135
11
112 2311 6843 5186 7761 5511 8645 1980 6176 3205 16004
3
3595 4107 7680
7
6942 8398 7969 4964 8014 1171 8020
5
3088 5195 5200 2980 1967
14
5983 3667 3126 2398 1602 2480 9713 6524 5045 4292 293 6149 77 13575
13
8881 1231 5193 9720 716 8674 8023 9751 9151 5470 5647 3115 8548
15
3944 2253 9543 7576 395 747 421 8746 691 7387 1731 4816 6363 32 5408
12
6809 5391 4516 1404 5477 6947 905 7026 5792 4757 4515 6245
8
2688 3409 7941 6037 3855 6115 3090 7103
3
4701 9366 14027
7
1712 4526 3491 6722 4791 6771 2107
