50
3
1 2147483647 2147483647
5
3 4 7 4 3
5
2 10 2 10 5
3
1 1 2147483647
81
1714636915 1681692777 861021530 596516649 233665123 1102520059 628175011 521595368 1801979802 424238335 1957747793 1804289384 294702567 1656478042 35005211 1801979802 1131176229 1967513926 468703135 1059961393 304089172 1025202362 1681692777 596516649 1101513929 783368690 783368690 1649760492 1315634022 861021530 1125898167 2044897763 278722862 278722862 1131176229 304089172 1726956429 2145174067 1189641421 1726956429 1653377373 336465782 1653377373 1025202362 1649760492 1125898167 1369133069 1303455736 1101513929 521595368 2089018456 2044897763 1714636915 233665123 2145174067 1189641421 1365180540 1350490027 468703135 1369133069 1102520059 2089018456 1059961393 1540383426 719885386 635723058 1303455736 294702567 1540383426 1350490027 35005211 635723058 1315634022 1967513926 336465782 424238335 1656478042 1957747793 628175011 719885386 1365180540
11
709 4481 5771 709 675 675 8097 8097 8032 4481 5771
73
5856 2921 723 8270 7765 9841 5732 7764 6491 7796 8829 4914 6340 3743 3368 3743 1500 6987 5732 6987 9841 7488 2227 5193 8270 723 7034 124 3451 1500 3451 5856 3555 9708 2846 7764 2379 3368 2227 7034 2350 6715 6715 6491 8228 2871 8829 9708 2871 2379 9503 2618 4914 8149 6340 7488 7796 2921 9503 3555 124 19 8228 19 5193 7765 2245 2618 8625 2846 8149 2245 2350
59
2036 2062 71 2062 8522 7131 9444 2924 3730 1305 5661 1899 71 3452 9320 973 4878 973 1801 3258 3465 5550 2600 7468 4878 1899 5624 9379 7468 3730 6708 8736 3465 3416 7637 9379 5624 1305 3811 3416 8626 6708 9444 2036 1801 8282 9320 8522 8626 7131 7637 2924 8282 5550 3452 3258 2600 8736 5661
59
7269 1222 5385 3850 2590 84 1396 7625 713 713 1222 7269 7732 6042 524 6640 7672 5630 9224 3850 9299 6190 6640 5985 6042 5385 9224 8581 6190 8209 5630 7625 3898 8819 2422 9336 1972 3920 2298 3920 2422 8581 2590 2298 524 84 8209 1972 9292 4081 7672 4081 9299 9336 3898 1396 9292 8819 7732
57
3996 9125 3414 6748 460 1039 2497 2460 9188 8699 7686 7697 28 2497 9157 5975 5975 6748 8027 3414 8050 9125 1152 7686 1152 253 7556 3996 7556 3034 8902 1039 3921 1043 5436 2460 3729 5436 4892 253 4794 6304 8050 6304 3921 7697 3729 8027 8902 9188 4794 460 28 8699 9157 1043 4892
29
3168 2726 358 4346 6057 4524 9614 7386 8205 5100 5100 4524 1626 4916 2726 3168 4235 6057 4994 4346 4994 9614 7386 4916 6312 6312 1626 358 8205
43
7284 873 237 3059 7637 783 7770 3059 6873 5849 8338 417 7888 4945 5217 8458 783 237 8458 606 2260 606 7888 2260 4566 417 7770 5434 7205 873 7637 6856 6873 8518 7284 4566 8518 4945 5217 7205 5849 8338 6856
57
9231 6139 1081 4977 5325 2338 9021 2685 4030 1796 9862 5379 4098 5054 3002 1796 6139 9231 9904 2231 7516 1948 5404 3740 5054 3516 9904 1536 1081 3740 537 7516 4030 9862 9218 3002 1536 2338 2685 3970 4812 4812 5379 5021 4580 3970 4580 537 9021 2231 5325 4977 5404 9218 3516 5021 4098
23
2573 5153 4018 4018 1138 6710 6963 925 5153 9291 9291 6710 6836 6328 925 6963 7217 7217 6328 3943 3943 2573 6836
93
596 7522 7398 9211 3981 1121 3714 573 5486 7955 1063 9204 2379 865 7321 5640 443 6342 6059 7560 3714 72 5486 9435 9036 596 8270 2532 7770 7522 4172 7770 2532 347 865 4172 5196 3981 2040 5082 9435 1898 7321 1232 6342 5830 2030 2379 4234 2040 6763 2030 3518 6763 7560 347 7398 5082 4984 9211 8270 5830 2954 6924 4984 2954 4047 6059 1232 443 4047 9036 5196 6950 6950 6924 72 226 7955 4234 1063 9204 7283 7677 3518 1898 7283 226 4427 573 5640 7677 4427
51
7685 9999 2297 3682 5776 3382 154 4266 9932 9708 2297 8977 3181 595 3682 8860 415 7483 8977 5776 1309 7057 7483 9211 33 415 1962 2587 8860 3563 3181 7057 8506 5021 9999 154 9211 2587 1309 9932 595 3382 9708 9086 7685 8506 3563 1962 9086 5021 4266
33
8777 3891 6087 8184 1298 8184 4552 99 952 9368 3195 3195 2641 9368 5199 8777 2641 952 8566 8566 99 7017 6087 6931 6931 1298 7017 2735 657 2735 4552 657 5199
57
37 9851 3537 37 4790 5154 8859 3172 5482 8341 9851 1850 399 6506 6987 5856 5856 6590 6987 9015 6506 8828 8263 1541 1541 871 6364 4790 5154 1173 3172 7280 8341 3662 6217 8859 871 8763 1173 2491 5482 9015 3662 6217 7280 8263 1852 2491 7716 399 1852 6364 8828 6590 1850 3537 7716
41
5358 2761 7793 5677 960 50 3990 2933 3245 960 8156 4100 140 9954 323 8468 2761 5155 3245 8156 5677 4950 2181 50 3171 4100 3990 2933 5358 2181 7793 5155 3286 8823 8468 140 9954 323 3286 3171 8823
99
431 6980 3141 5905 3638 9421 1641 710 4029 9559 7719 8789 4280 3933 6180 2671 9391 6424 5474 3418 2305 7690 8270 7583 2160 8789 2557 30 1726 4220 7667 8902 6898 6898 2557 710 3010 4562 3933 8270 5948 8153 5393 2493 7829 1726 3141 7829 6180 6424 2493 4562 2726 6797 938 9613 431 8153 3708 7667 3480 8902 2723 3485 5905 4220 6797 3485 6980 2723 30 9391 9613 4140 2671 2496 4280 3638 3010 5474 3418 2160 2496 7583 938 3480 4029 3708 2305 4140 2726 1641 5948 5393 7719 5063 9559 9421 7690
45
6312 7107 5165 8506 6354 2933 9156 5417 6312 5994 6317 8506 4123 8480 2933 4795 8820 3931 5994 9664 4166 5417 8820 6709 9664 5921 4166 6354 7107 9017 9484 8480 6092 9017 3931 6317 4123 8437 9156 6092 8437 5921 6709 9484 5165
91
279 2013 8257 7330 757 4683 952 8257 9174 2339 4571 1876 634 7540 7540 9294 495 1990 596 356 4683 5825 1804 8972 7645 4158 7330 3446 356 1632 6421 2013 7603 1990 7603 519 1876 7832 5883 8111 1225 5344 7645 7542 7661 952 519 1804 3292 7542 7661 4571 5344 4650 4158 5472 8138 5825 8972 279 2339 9294 8138 3446 5725 3339 4650 7832 216 6267 5883 2346 596 8860 6267 5725 1225 634 495 3292 757 2346 7226 9174 8111 6421 216 8860 3339 7226 5472
27
5325 49 5325 3003 8107 2035 2932 2035 5951 9154 8107 8498 2554 49 2906 3 5951 3861 2334 2906 3003 3861 8498 2334 3 9154 2932
77
3062 1982 6508 9569 6518 6627 6908 2833 5026 629 9853 6518 4428 2833 1515 1062 3540 2300 7776 9613 7134 1546 8826 6629 5026 3786 1794 6616 629 4544 7776 1794 9416 9613 3540 763 5100 3786 9752 7409 4544 8826 3847 6908 2300 7565 3397 763 7565 9499 9416 5100 1062 7134 6366 6629 9752 7395 9569 1515 6366 4428 9499 3320 7409 9853 6508 1546 775 3847 3320 6616 7395 775 3062 3397 1982
85
9587 335 4697 7836 7371 9764 1690 529 3281 7457 770 3439 9587 3674 6620 7057 3418 5949 8534 3281 3072 8411 3567 8147 5949 5740 6067 3418 529 7629 3439 5523 3674 2349 4107 9883 8793 5292 6422 5523 7057 2140 5800 3567 2349 2623 114 7371 8411 2335 9883 8371 8147 4697 6422 3391 596 2132 3391 5740 3072 7457 7433 596 6620 6067 5800 5490 8793 2132 1690 5292 8534 5490 8371 7629 335 7433 2335 7836 114 2623 9764 2140 4107
77
2603 2525 8863 9409 5400 6071 8000 1832 9560 9942 158 2973 614 3923 2603 6071 3807 9833 2973 12 3748 8000 1937 5358 1090 614 2894 3807 8004 9759 2626 6356 2786 9759 2786 8865 9409 4636 9091 3421 158 3923 1090 8865 2626 6952 504 6952 2525 8320 3421 5358 6127 2000 8004 6620 504 5400 6356 3748 1832 7458 9942 2894 6620 8320 9560 8863 1937 2000 6127 9117 9117 4636 12 7458 9833
55
1530 7589 6157 6522 8482 1530 8448 1709 4872 1735 7051 6088 2557 2428 4872 840 1735 8448 512 2802 1087 840 7051 8548 8482 6522 7654 8548 6088 9545 2802 512 1087 6157 9545 6925 7589 8602 8986 4049 6956 4049 1784 296 296 1784 8986 7654 4492 2557 2428 4492 6956 6925 8602
81
9134 8802 3934 3630 1117 2851 9260 6906 37 9719 7570 4946 5567 9242 5367 6095 136 9260 7208 3950 7096 7697 2986 3316 7570 2986 5367 6906 2851 631 525 435 4536 3316 7096 2999 3008 5567 127 435 7670 2999 525 631 9540 6966 212 8802 6966 4536 212 1117 6095 4946 8674 5767 7697 8693 9134 7208 8674 3486 136 5767 9242 127 6839 9540 37 6277 3934 2833 3630 6277 3008 6839 3486 2833 8693 3950 9719
81
3107 2718 3495 1467 8430 1736 4472 1736 5407 6632 260 659 3558 958 4472 5595 3495 1796 3558 6257 6554 2082 2034 376 1467 6227 3107 958 376 9927 1796 2302 4565 8313 7601 6227 6257 5710 4105 2082 3669 2034 7967 7265 9927 4565 5595 5038 6632 5710 6977 6249 9433 260 3669 1801 6977 5160 659 5038 4105 5160 9963 2014 7967 2302 7601 5407 8313 1142 9963 6554 1801 2014 1142 770 9433 6249 7265 2718 8430
91
9560 5588 3956 7651 7428 4125 3956 3949 7043 8291 9448 6901 3510 3640 9885 3640 2602 5275 7572 9448 6733 4556 3846 297 435 5859 4664 7834 2496 7651 3542 9136 3510 4125 3842 7811 3542 435 1955 9164 3294 9560 8258 7834 9144 9136 1955 5859 4556 7811 8291 2496 5329 5275 5329 1924 9164 3253 7428 5588 7572 1924 3949 3447 9885 3294 9410 875 297 7250 3846 8258 3253 6901 3842 3256 875 6733 3681 7043 3447 3681 2200 2200 7250 4664 9651 9410 3256 9144 9651
33
9639 5760 8825 9141 6358 9078 3444 5055 848 9833 9141 8865 6358 7138 3444 4186 9833 9639 8184 8184 848 8825 5760 5055 8623 4882 4186 6628 4882 8865 9078 6628 8623
41
4779 2417 4763 5506 399 7055 186 8777 7055 5328 4779 6499 8263 8979 8979 8777 129 129 5506 9119 1305 4683 6701 4763 9970 5328 12 8263 2111 9970 6701 1318 12 2111 1305 2417 399 1318 6499 4683 186
9
1006 5315 1006 2780 5680 8641 2780 8641 5680
77
5841 9174 8924 2942 3766 6071 9174 838 8656 3970 4284 3766 1018 4080 4461 4080 3102 3491 838 6848 250 3102 161 3491 4463 8488 4485 1018 9356 1544 4461 113 8906 5546 8488 5841 1544 1379 113 2596 5135 8906 6989 8924 7756 4485 4042 161 4284 2596 9356 7824 2738 1002 3598 250 2942 4042 1002 1206 3598 4463 5135 2738 7824 3970 8388 6989 959 8388 1206 1379 6848 6071 959 7756 8656
85
3954 7408 8399 816 5404 2376 9027 5148 3078 8226 1288 9027 4031 1288 1186 9906 1440 532 122 2508 5526 2470 5469 8988 1698 1186 8023 8226 8399 7177 8988 4369 1642 3059 9967 9358 7408 8023 987 9358 4369 7177 8003 2470 3064 532 4303 688 816 7541 1568 2211 3726 1642 5148 9967 122 5526 9906 1765 7541 1568 5469 3954 2508 1698 3271 8003 987 3078 2376 1440 688 8107 1765 3726 3064 4303 5404 4351 4031 3271 8107 3059 2211
51
417 4495 1335 8466 4874 186 4030 417 96 8394 259 5109 3702 4506 7716 3046 7523 7893 492 4506 96 8817 403 5109 4057 7813 3163 6306 3046 6306 4495 7893 4874 3702 8817 403 8466 492 186 7716 3163 259 4030 7813 7523 5260 3859 4057 5260 8394 1335
29
3363 8342 7074 8661 1754 1254 4139 3554 5513 4148 1754 3554 2326 1324 8337 8337 6011 1254 1324 2277 8661 2326 3363 8342 7074 5513 2277 4148 4139
83
2959 3658 3157 5483 6052 430 7534 1327 5587 3157 2167 4967 7669 6052 6636 3764 3630 3764 1466 8368 1451 5587 6585 2382 6585 1125 3630 1466 1902 2167 3503 3658 2382 3183 4046 9339 6124 4037 1327 3606 9304 3786 4070 1809 1564 2176 4046 2959 1109 1929 4070 5432 1564 1902 6124 5986 1929 9339 4967 4337 8368 4337 2173 5986 5483 5432 1109 3183 1451 3786 7534 3606 430 7669 9304 2173 1809 6636 4152 1125 4037 2176 3503
29
8188 9072 7610 3327 494 5770 8582 2934 8392 2934 5770 7140 9072 3327 7610 1882 9451 9196 8582 1882 2199 5098 494 8392 5098 7140 9196 9451 2199
53
7495 5191 9465 7757 8403 911 6850 8698 9021 9465 5439 3302 336 8238 5892 7495 3302 8726 1055 4650 8323 120 6083 6850 5205 6083 120 4650 9021 7983 4091 911 8238 1055 8323 4358 336 4488 4091 8726 2835 7757 8403 5892 7983 5191 2835 5205 3002 4358 5439 4488 3002
29
5450 1138 1554 4296 4296 4129 5450 5429 1554 2256 4887 2055 2929 2929 5608 2196 1166 2055 2256 4718 1138 1166 2588 4887 4129 5608 5429 4718 2196
81
5128 6828 5128 212 6046 5412 7377 8370 4852 418 5591 2072 6131 6026 4529 6508 4403 7219 6957 8055 4130 5839 6131 5591 2072 2074 212 7661 9944 1956 8897 7172 7219 8472 2197 2908 6130 6046 5839 8784 2283 4403 1956 2551 7172 8897 5706 6828 9765 4852 1304 8784 2908 6656 4130 4529 2551 7661 6123 2197 6130 418 7377 5412 2069 1976 6026 1304 2283 6508 2074 9765 6123 8370 8472 6656 9944 1976 8055 2069 5706
55
7396 579 3200 3916 352 5338 1337 845 5338 2104 3970 2857 3193 579 6977 3362 8995 791 1337 2104 1425 8995 2166 4418 2166 8473 9859 8732 8732 4814 352 8386 4418 8473 313 7001 3193 3073 313 845 791 8386 3200 9859 2857 4814 3916 1425 9385 6977 7396 7001 9385 3073 3362
53
7224 1018 77 7958 6825 3938 6146 6498 5257 6825 9081 5679 872 7502 2916 1616 1249 5296 3938 1568 3661 3847 3437 1616 7958 1568 2766 7451 7451 9081 1249 1056 5296 2766 6440 6498 6146 3661 7224 2916 6440 7016 1018 2247 5257 77 7502 3847 3437 5679 872 7016 2247
53
908 3032 8326 5969 6162 9062 804 7950 8837 2298 3398 5366 2902 2743 2878 5351 512 8448 3958 3032 8326 3398 4576 512 2878 4576 9062 6347 908 2902 5304 5366 5969 5229 6162 8050 5229 6387 5351 3958 5304 5651 2298 2743 804 6347 498 7950 8837 6387 8050 498 5651
11
8447 1655 2711 5290 1655 8501 5290 8501 8447 4042 4042
61
9292 7096 9292 6143 7367 6404 4289 2930 7565 6665 6665 6143 2158 6617 1694 4087 396 6386 8924 1334 6196 5662 8924 6404 1334 752 7367 4087 3736 6156 2296 2803 3137 6386 752 3137 8897 3736 7096 322 5829 6617 5662 8074 322 1694 7753 4289 6196 9199 8897 6156 396 2158 2803 2930 9199 2296 5829 7565 8074
7
2721 4309 3188 3188 4309 8474 8474
99
5258 8263 8132 1996 4732 6538 1996 6826 9012 2964 8520 6433 457 9327 8263 5032 2147 6021 6826 371 5027 9012 1503 8651 541 9762 8651 7023 2582 437 9326 1463 4398 6021 1503 6307 8491 3165 3523 58 2964 9157 4398 5027 2328 982 6305 9762 8370 5032 9195 371 3348 2592 7753 2582 541 9195 9327 3165 7803 6663 1652 1652 6663 9234 457 7023 6305 8520 8836 5258 8491 437 2592 4375 982 8616 8836 9234 6433 8132 3348 3523 1463 6538 8616 7753 3938 2328 4732 4375 8370 2147 7803 9157 3938 6307 58
29
127 6585 9126 3855 1475 3202 6585 7998 2011 5277 9403 3202 7998 8977 9593 3855 5611 1475 9403 9126 5277 5611 2008 2011 127 5601 9593 2008 5601
